22
0 0 0 0 0 0 0 0 0 0 0 0 0 0 0 0 0 0 0 0 0 0
0.3001 0.1002 0.4003 0.2004 0.7005 0.3006 0.3007 0.2008 0.9009 0.1010 0.6011 0.5012 0.8013 0.4014 0.0015 0.2016 0.7017 0.0018 0.7019 0.1020 0.4021 0.3022
0.0101 0.0 0.0 0.0
0.0204 0.0 0.0 0.0
0.0303 0.0 0.0 0.0
0.0402 0.0 0.0 0.0
0.0507 0.0 0.0 0.0
0.0600 0.0 0.0 0.0
0.0707 0.0 0.0 0.0
0.0802 0.0 0.0 0.0
0.0903 0.0 0.0 0.0
0.1003 0.0 0.0 0.0
0.1107 0.0 0.0 0.0
0.1201 0.0 0.0 0.0
0.1301 0.0 0.0 0.0
0.1409 0.0 0.0 0.0
0.1508 0.0 0.0 0.0
0.1602 0.0 0.0 0.0
0.1704 0.0 0.0 0.0
0.1805 0.0 0.0 0.0
0.1906 0.0 0.0 0.0
0.2008 0.0 0.0 0.0
0.2103 0.0 0.0 0.0
0.2201 0.0 0.0 0.0
0.7328 0.8693 0.8529
7.0 0.0 1.0
0
2
